[0.624362416,
 0.477449664,
 0.050067114,
 0.023355705,
 0.771275168,
 0.290469799,
 0.317181208,
 0.757919463,
 0.931543624,
 0.904832215,
 0.89147651,
 0.504161074,
 0.223691275,
 0.01,
 0.517516779,
 0.223691275,
 0.878120805,
 0.851409396,
 0.063422819,
 0.651073826,
 0.771275168,
 0.357248322,
 0.637718121,
 0.744563758,
 0.757919463,
 0.89147651,
 0.383959732,
 0.46409396,
 0.397315436,
 0.46409396,
 0.21033557,
 0.931543624,
 0.46409396,
 0.036711409,
 0.130201342,
 0.944899329,
 0.504161074,
 0.477449664,
 0.504161074,
 0.89147651,
 0.66442953,
 0.651073826,
 0.838053691,
 0.784630872,
 0.811342282,
 0.89147651,
 0.517516779,
 0.317181208,
 0.757919463,
 0.637718121,
 0.797986577,
 0.69114094,
 1.719530201,
 0.263758389,
 0.530872483,
 0.944899329,
 1.198657718,
 0.717852349,
 0.21033557,
 0.597651007,
 0.263758389,
 1.038389262,
 0.277114094,
 0.090134228,
 1.078456376,
 1.385637584,
 0.944899329,
 1.839731544,
 1.786308725,
 0.050067114,
 1.585973154,
 0.170268456,
 0.66442953,
 0.584295302,
 0.370604027,
 0.317181208,
 0.063422819,
 0.544228188,
 0.397315436,
 0.597651007,
 0.998322148,
 0.971610738,
 0.958255034,
 1.879798658,
 1.479127517,
 0.878120805,
 0.530872483,
 0.944899329,
 0.023355705,
 0.410671141,
 0.637718121,
 0.744563758,
 1.011677852,
 0.864765101,
 0.584295302,
 0.677785235,
 0.958255034,
 0.811342282,
 1.198657718,
 1.065100671,
 0.904832215,
 0.330536913,
 0.424026846,
 0.130201342,
 0.998322148,
 0.504161074,
 0.944899329,
 1.011677852,
 0.036711409,
 0.744563758,
 1.412348993,
 0.904832215,
 0.517516779,
 0.450738255,
 0.303825503,
 0.183624161,
 0.370604027,
 0.624362416,
 0.223691275,
 0.771275168,
 1.212013423,
 0.46409396,
 0.290469799,
 0.21033557,
 1.57261745,
 0.624362416,
 0.904832215,
 0.771275168,
 1.946577181,
 0.21033557,
 0.170268456,
 1.77295302,
 0.864765101,
 0.46409396,
 0.050067114,
 1.038389262,
 0.651073826,
 1.77295302,
 1.959932886,
 1.198657718,
 0.811342282,
 0.357248322,
 0.450738255,
 0.383959732,
 0.517516779,
 0.878120805,
 1.652751678,
 1.038389262,
 0.651073826,
 1.532550336,
 1.666107383,
 0.130201342,
 1.105167785,
 0.838053691,
 0.090134228,
 0.864765101,
 2.0,
 1.492483221,
 1.11852349,
 1.505838926,
 0.504161074,
 2.0,
 0.677785235,
 1.131879195,
 0.46409396,
 0.918187919,
 0.584295302,
 1.305503356,
 0.958255034,
 1.786308725,
 1.986644295,
 0.477449664,
 1.185302013,
 1.559261745,
 1.77295302,
 1.425704698,
 1.732885906,
 1.238724832,
 0.397315436,
 1.212013423,
 0.370604027,
 0.744563758,
 1.425704698,
 0.584295302,
 1.158590604,
 1.813020134,
 0.397315436,
 1.158590604,
 1.185302013,
 0.89147651,
 0.624362416,
 0.383959732,
 0.290469799,
 0.931543624,
 0.717852349,
 0.263758389,
 1.986644295,
 1.479127517,
 1.599328859,
 0.757919463,
 1.839731544,
 0.063422819,
 1.198657718,
 1.171946309,
 1.412348993,
 1.398993289,
 1.412348993,
 0.196979866,
 0.651073826,
 1.839731544,
 1.278791946,
 0.130201342,
 0.784630872,
 0.597651007,
 1.011677852,
 0.984966443,
 0.530872483,
 1.933221477,
 0.317181208,
 0.878120805,
 1.519194631,
 1.559261745,
 1.666107383,
 0.971610738,
 0.343892617,
 1.986644295,
 0.504161074,
 0.023355705,
 1.425704698,
 1.839731544,
 1.946577181,
 0.01,
 0.637718121,
 0.998322148,
 1.786308725,
 1.612684564,
 0.277114094,
 1.31885906,
 1.666107383,
 0.517516779,
 0.290469799,
 1.626040268,
 1.706174497,
 0.637718121,
 1.492483221,
 0.757919463,
 0.517516779,
 1.158590604,
 0.771275168,
 0.277114094,
 0.904832215,
 0.677785235,
 1.626040268,
 0.944899329,
 0.797986577,
 0.090134228,
 0.277114094,
 0.090134228,
 0.651073826,
 0.717852349,
 0.878120805,
 0.530872483,
 0.397315436,
 0.21033557,
 1.038389262,
 0.677785235,
 1.372281879,
 0.530872483,
 0.050067114,
 0.984966443,
 1.559261745,
 1.252080537,
 0.838053691,
 0.383959732,
 1.34557047,
 0.811342282,
 1.933221477,
 1.212013423,
 1.612684564,
 0.998322148,
 0.023355705,
 1.305503356,
 0.611006711,
 0.130201342,
 0.517516779,
 0.383959732,
 1.34557047,
 0.797986577,
 0.744563758,
 1.34557047,
 0.744563758,
 0.063422819,
 0.904832215,
 0.918187919,
 0.878120805,
 0.624362416,
 1.77295302,
 0.517516779,
 0.824697987,
 0.784630872,
 0.69114094,
 0.731208054,
 0.477449664,
 0.263758389,
 1.786308725,
 0.21033557,
 0.864765101,
 1.225369128,
 0.838053691,
 0.076778523,
 0.878120805,
 1.078456376,
 0.797986577,
 0.824697987,
 0.370604027,
 1.238724832,
 0.66442953,
 0.170268456,
 0.918187919,
 0.156912752,
 0.677785235,
 1.11852349,
 0.931543624,
 1.706174497,
 1.131879195,
 0.624362416,
 1.906510067,
 0.584295302,
 1.265436242,
 1.906510067,
 1.719530201,
 1.252080537,
 1.973288591,
 0.904832215,
 0.156912752,
 1.025033557,
 0.397315436,
 0.757919463,
 0.69114094,
 0.971610738,
 1.959932886,
 0.530872483,
 0.290469799,
 0.01,
 0.076778523,
 1.839731544,
 1.425704698,
 1.639395973,
 0.156912752,
 0.744563758,
 0.517516779,
 0.984966443,
 0.717852349,
 1.038389262,
 0.731208054,
 1.746241611,
 0.357248322,
 1.959932886,
 1.398993289,
 0.277114094,
 0.23704698,
 0.944899329,
 0.878120805,
 0.410671141,
 0.343892617,
 1.79966443,
 1.959932886,
 0.677785235,
 1.385637584,
 1.385637584,
 0.317181208,
 1.439060403,
 0.918187919,
 1.492483221,
 0.784630872,
 0.504161074,
 0.410671141,
 1.559261745,
 0.343892617,
 0.090134228,
 0.130201342,
 1.532550336,
 1.131879195,
 1.652751678,
 1.933221477,
 1.265436242,
 1.79966443,
 1.652751678,
 1.465771812,
 1.439060403,
 1.171946309,
 1.879798658,
 1.078456376,
 1.54590604,
 0.317181208,
 1.813020134,
 0.036711409,
 2.0,
 1.185302013,
 1.358926174,
 1.078456376,
 1.57261745,
 2.0,
 1.893154362,
 1.452416107,
 1.706174497,
 1.452416107,
 1.532550336,
 1.252080537,
 1.212013423,
 1.906510067,
 1.612684564,
 1.238724832,
 1.492483221,
 1.31885906,
 1.305503356,
 1.252080537,
 1.626040268,
 1.011677852,
 1.786308725,
 1.252080537,
 1.79966443,
 1.278791946,
 0.984966443,
 1.305503356,
 1.505838926,
 1.826375839,
 1.826375839,
 1.332214765,
 1.986644295,
 1.826375839,
 1.105167785,
 1.278791946,
 1.826375839,
 1.252080537,
 1.372281879,
 1.198657718,
 1.278791946,
 1.719530201,
 1.679463087,
 1.746241611,
 1.839731544,
 1.946577181,
 1.786308725,
 1.11852349,
 1.879798658,
 1.933221477,
 1.011677852,
 1.158590604,
 1.332214765,
 1.652751678,
 1.679463087,
 1.131879195,
 1.906510067,
 1.078456376,
 1.933221477,
 1.639395973,
 1.171946309,
 1.439060403,
 1.906510067,
 1.252080537,
 1.011677852,
 1.759597315,
 1.679463087,
 1.185302013,
 1.465771812,
 1.853087248,
 1.452416107,
 1.813020134,
 1.839731544,
 1.051744966,
 1.933221477,
 1.826375839,
 1.025033557,
 2.0,
 1.639395973,
 1.011677852,
 1.452416107,
 1.946577181,
 1.946577181,
 1.332214765,
 1.011677852,
 1.879798658,
 1.986644295,
 1.732885906,
 1.57261745,
 1.79966443,
 1.54590604,
 1.79966443,
 1.332214765,
 1.585973154,
 1.078456376,
 1.919865772,
 1.959932886,
 1.398993289,
 1.626040268,
 1.839731544,
 1.786308725,
 1.599328859,
 1.372281879]