[4,
 10,
 7,
 5,
 6,
 13,
 6,
 19,
 2,
 16,
 12,
 4,
 2,
 3,
 14,
 10,
 20,
 10,
 2,
 9,
 16,
 12,
 10,
 4,
 7,
 5,
 12,
 19,
 17,
 9,
 11,
 18,
 2,
 2,
 6,
 12,
 5,
 2,
 10,
 19,
 10,
 7,
 20,
 17,
 7,
 17,
 13,
 25,
 4,
 53,
 47,
 17,
 11,
 20,
 5,
 17,
 9,
 9,
 24,
 61,
 13,
 5,
 1,
 22,
 6,
 17,
 4,
 10,
 20,
 13,
 19,
 57,
 37,
 35,
 41,
 47,
 17,
 10,
 54,
 55,
 15,
 61,
 27,
 16,
 5,
 5,
 27,
 5,
 48,
 46,
 27,
 58,
 18,
 43,
 42,
 15,
 51,
 27,
 3,
 11,
 7,
 37,
 22,
 39,
 59,
 39,
 10,
 17,
 34,
 12,
 8,
 50,
 64,
 53,
 33,
 39,
 64,
 55,
 39,
 25,
 6,
 20,
 33,
 56,
 20,
 39,
 57,
 26,
 13,
 61,
 55,
 11,
 31,
 30,
 52,
 14,
 53,
 15,
 5,
 3,
 40,
 38,
 60,
 32,
 57,
 41,
 14,
 5,
 51,
 13,
 4,
 43,
 14,
 34,
 44,
 37,
 14,
 3,
 17,
 17,
 45,
 15,
 21,
 19,
 45,
 34,
 32,
 15,
 64,
 7,
 10,
 49,
 8,
 14,
 7,
 16,
 1,
 4,
 59,
 9,
 46,
 55,
 17,
 51,
 17,
 11,
 40,
 6,
 16,
 25,
 60,
 61,
 36,
 21,
 31,
 62,
 18,
 20,
 3,
 29,
 1,
 63,
 10,
 13,
 11,
 18,
 9,
 57,
 61,
 17,
 15,
 50,
 21,
 61,
 4,
 47,
 37,
 16,
 22,
 61,
 6,
 10,
 12,
 23,
 33,
 13,
 55,
 62,
 20,
 19,
 10,
 37,
 47,
 48,
 3,
 14,
 55,
 9,
 15,
 22,
 55,
 4,
 16,
 34,
 10,
 57,
 30,
 8,
 55,
 21,
 37,
 42,
 16,
 45,
 24,
 33,
 46,
 42,
 31,
 46,
 38,
 48,
 1,
 30,
 14,
 28,
 12,
 41,
 64,
 26,
 20,
 8,
 33,
 32,
 17,
 49,
 3,
 10,
 16,
 60,
 60,
 8,
 30,
 49,
 53,
 29,
 9,
 47,
 25,
 3,
 49,
 43,
 32,
 46,
 38,
 32,
 22,
 23,
 38,
 32,
 56,
 50,
 56,
 60,
 44,
 59,
 28,
 45,
 24,
 27,
 29,
 58,
 29,
 51,
 51,
 51,
 51,
 61,
 27,
 51,
 55,
 33,
 46,
 36,
 30,
 22,
 21,
 61,
 51,
 64,
 54,
 21,
 23,
 25,
 54,
 48,
 52,
 60,
 34,
 61,
 22,
 49,
 51,
 53,
 29,
 36,
 43,
 59,
 22,
 56,
 34,
 51,
 45,
 35,
 45,
 43,
 61,
 63,
 24,
 22,
 61,
 49,
 34,
 47,
 48,
 44,
 50,
 24,
 41,
 42,
 39,
 53,
 38,
 40,
 50,
 27,
 35,
 43,
 44,
 27,
 25,
 21,
 40,
 29,
 60,
 54,
 63,
 29,
 59,
 64,
 36,
 50,
 54,
 38,
 41,
 40,
 59,
 57,
 64,
 24,
 57,
 40,
 63,
 46,
 47,
 55,
 25,
 35,
 33,
 53,
 52,
 62,
 31,
 64,
 43,
 53,
 52,
 38,
 40,
 55,
 31,
 36,
 59,
 23,
 52,
 31,
 50,
 62,
 48,
 64,
 59,
 60,
 31,
 31,
 42,
 29,
 61,
 23,
 23,
 24,
 59,
 25,
 32,
 28,
 62,
 49,
 51,
 22,
 29,
 34,
 35,
 23,
 56,
 55,
 33,
 53,
 43,
 35,
 44,
 58,
 30,
 64,
 31,
 32,
 45,
 52,
 60,
 42,
 39,
 54,
 61,
 29,
 45,
 50,
 23,
 64,
 51,
 44,
 33,
 52,
 41,
 42,
 45,
 34,
 34,
 25,
 41,
 45,
 53,
 53,
 52,
 54,
 56,
 31,
 22,
 40,
 26,
 58,
 44,
 27]