[16,
 14,
 14,
 12,
 12,
 11,
 10,
 10,
 16,
 13,
 13,
 16,
 13,
 11,
 15,
 16,
 12,
 14,
 15,
 16,
 15,
 14,
 14,
 8,
 12,
 16,
 10,
 8,
 12,
 14,
 5,
 5,
 12,
 5,
 6,
 6,
 11,
 7,
 11,
 8,
 12,
 16,
 3,
 7,
 6,
 16,
 6,
 10,
 3,
 13,
 13,
 5,
 16,
 6,
 4,
 9,
 16,
 4,
 14,
 11,
 7,
 10,
 11,
 14,
 11,
 10,
 8,
 10,
 15,
 9,
 13,
 15,
 14,
 13,
 16,
 10,
 7,
 9,
 10,
 10,
 6,
 12,
 14,
 12,
 11,
 9,
 14,
 6,
 13,
 12,
 15,
 13,
 11,
 14,
 10,
 4,
 13,
 15,
 12,
 14,
 5,
 15,
 10,
 15,
 10,
 12,
 6,
 15,
 16,
 8,
 15,
 12,
 16,
 12,
 10,
 11,
 14,
 10,
 16,
 13,
 16,
 8,
 13,
 12,
 10,
 12,
 14,
 9,
 10,
 8,
 16,
 12,
 4,
 12,
 9,
 6,
 8,
 11,
 6,
 14,
 7,
 13,
 11,
 8,
 4,
 5,
 10,
 6,
 5,
 16,
 11,
 7,
 5,
 3,
 3,
 12,
 4,
 9,
 11,
 4,
 11,
 5,
 16,
 5,
 6,
 13,
 13,
 6,
 8,
 3,
 7,
 16,
 5,
 9,
 9,
 6,
 12,
 9,
 9,
 3,
 16,
 8,
 7,
 4,
 14,
 9,
 3,
 7,
 3,
 16,
 4,
 14,
 4,
 6,
 9,
 11,
 5,
 15,
 4,
 7,
 5,
 4,
 6,
 9,
 7,
 5,
 11,
 15,
 3,
 3,
 13,
 10,
 13,
 16,
 7,
 3,
 7,
 14,
 10,
 5,
 6,
 5,
 3,
 12,
 5,
 3,
 11,
 7,
 4,
 6,
 8,
 3,
 13,
 6,
 13,
 9,
 8,
 10,
 6,
 8,
 3,
 7,
 4,
 12,
 9,
 11,
 7,
 14,
 10,
 14,
 5,
 16,
 10,
 12,
 7,
 3,
 4,
 7,
 5,
 15,
 9,
 11,
 5,
 9,
 8,
 16,
 6,
 4,
 14,
 6,
 10,
 9,
 12,
 9,
 11,
 14,
 13,
 11,
 13,
 16,
 9,
 14,
 5,
 4,
 9,
 12,
 9,
 8,
 6,
 6,
 6,
 7,
 5,
 3,
 5,
 5,
 11,
 12,
 12,
 6,
 7,
 5,
 5,
 8,
 15,
 5,
 4,
 12,
 6,
 5,
 9,
 15,
 5,
 9,
 3,
 14,
 8,
 6,
 9,
 5,
 8,
 11,
 5,
 13,
 13,
 6,
 13,
 6,
 10,
 14,
 13,
 13,
 14,
 4,
 3,
 10,
 7,
 6,
 7,
 8,
 12,
 3,
 3,
 9,
 8,
 14,
 13,
 16,
 9,
 5,
 8,
 9,
 8,
 10,
 4,
 12,
 5,
 15,
 14,
 5,
 4,
 5,
 3,
 5,
 5,
 11,
 12,
 5,
 12,
 10,
 3,
 12,
 8,
 11,
 9,
 9,
 7,
 10,
 9,
 7,
 7,
 4,
 15,
 10,
 8,
 6,
 8,
 9,
 15,
 16,
 10,
 8,
 8,
 5,
 8,
 6,
 6,
 13,
 9,
 9,
 11,
 6,
 11,
 9,
 15,
 10,
 16,
 3,
 14,
 12,
 16,
 15,
 9,
 12,
 4,
 9,
 5,
 10,
 11,
 16,
 5,
 9,
 14,
 6,
 15,
 16,
 12,
 6,
 12,
 8,
 9,
 3,
 8,
 11,
 4,
 15,
 16,
 14,
 3,
 7,
 16,
 4,
 7,
 7,
 3,
 3,
 8,
 8,
 6,
 11,
 11,
 3,
 7,
 11,
 8,
 4,
 5,
 8,
 5,
 11,
 10,
 12,
 5,
 13,
 7,
 9,
 16,
 10,
 6,
 15,
 16,
 13,
 4,
 7,
 10,
 15,
 9,
 9,
 7,
 16,
 5,
 5,
 12,
 4,
 15,
 8,
 9,
 7,
 3,
 6,
 16,
 5,
 10,
 3,
 3,
 4,
 6,
 4,
 8,
 6]